 0 14 8.94427190999916
 14 0 8.94427190999916
 0 15 8.54400374531753
 15 0 8.54400374531753
 0 22 4.47213595499958
 22 0 4.47213595499958
 1 7 5
 7 1 5
 1 11 10.63014581273465
 11 1 10.63014581273465
 1 19 4.242640687119285
 19 1 4.242640687119285
 1 23 4
 23 1 4
 2 8 7.810249675906654
 8 2 7.810249675906654
 3 4 3.1622776601683795
 4 3 3.1622776601683795
 3 9 4.242640687119285
 9 3 4.242640687119285
 3 16 16.76305461424021
 16 3 16.76305461424021
 3 20 5.0990195135927845
 20 3 5.0990195135927845
 4 5 10
 5 4 10
 4 10 5.656854249492381
 10 4 5.656854249492381
 5 10 7.211102550927978
 10 5 7.211102550927978
 5 16 9.433981132056603
 16 5 9.433981132056603
 5 17 5.0990195135927845
 17 5 5.0990195135927845
 6 8 6.082762530298219
 8 6 6.082762530298219
 7 13 6.324555320336759
 13 7 6.324555320336759
 7 17 4.123105625617661
 17 7 4.123105625617661
 8 9 6.082762530298219
 9 8 6.082762530298219
 9 20 2.8284271247461903
 20 9 2.8284271247461903
 10 13 3
 13 10 3
 10 17 7.0710678118654755
 17 10 7.0710678118654755
 10 21 7.0710678118654755
 21 10 7.0710678118654755
 11 16 14.142135623730951
 16 11 14.142135623730951
 11 17 6.082762530298219
 17 11 6.082762530298219
 12 15 5
 15 12 5
 12 20 8.54400374531753
 20 12 8.54400374531753
 12 22 6.324555320336759
 22 12 6.324555320336759
 13 22 8
 22 13 8
 13 23 7.280109889280518
 23 13 7.280109889280518
 14 23 4.123105625617661
 23 14 4.123105625617661
 15 18 3.1622776601683795
 18 15 3.1622776601683795
 19 23 3.1622776601683795
 23 19 3.1622776601683795
 20 21 3.1622776601683795
 21 20 3.1622776601683795
 21 22 2.23606797749979
 22 21 2.23606797749979
